0.59738094
0.5886359
0.6813037
0.591934
0.34410465
0.75041914
0.7364482
0.565147
0.40864968
0.6582583
0.5639508
0.724094
0.82410836
0.6749594
0.41287884
0.0732679
0.59395504
0.76864976
0.5340197
0.72461474
0.29247457
0.67738444
0.6453683
0.6156941
0.7577897
0.42707953
0.6352043
0.60763
0.61664355
0.53230745
0.5722684
0.52361244
0.51970625
0.47956192
0.6131044
0.5692121
0.6951756
0.36976296
0.74188846
0.8391999
0.6463231
0.22693953
0.58825576
0.603571
0.7716534
0.7942244
0.43329987
0.5521524
0.4613553
0.37759033
0.33786613
0.53266126
0.60544896
0.5241878
0.5093757
0.5982397
0.65041953
0.3977716
0.6103711
0.46779424
0.56793153
0.69536805
0.36426637
0.8102591
0.5756629
0.54716414
0.65762573
0.64624494
0.3334152
0.30012032
0.6197888
0.7098924
0.6304675
0.34537652
0.75609815
0.5472356
0.52881634
0.6549579
0.31491193
0.46996891
0.7368143
0.2296241
0.5241653
0.24583517
0.7209969
0.444794
0.39002696
0.33050352
0.84178597
0.4003929
0.5787023
0.16009697
0.56684124
0.78086174
0.22892544
0.2615997
0.55154306
0.61964595
0.6422728
0.7969282
0.54911304
0.64462984
0.53863746
0.61555237
0.58002734
0.4904341
0.56187785
0.55529314
0.30759054
0.65533864
0.6076207
0.65828353
0.57655823
0.6356929
0.014648278
0.41872284
0.6988677
0.20653784
0.71175754
0.7659796
0.5342542
0.6323962
0.53600633
0.5353488
0.579428
0.75080836
0.84316933
0.35916632
0.32114962
0.69470716
0.6364941
0.7830308
0.67059124
0.52958614
0.7008199
0.5105356
0.35810965
0.6553325
0.41622663
0.52937484
0.71255016
0.6411867
0.50015074
0.73977685
0.72986877
0.82788575
0.71745795
0.5655365
0.2653408
0.7469723
0.6139198
0.6402072
0.5271588
0.12811173
0.37728474
0.56716096
0.48313278
0.4803191
0.6808045
0.7122082
0.26281708
0.5901017
0.69122696
0.54401827
0.6978977
0.5335016
0.73483646
0.6791833
0.55549246
0.4302175
0.71088165
0.61746067
0.47195414
0.54921085
0.77778965
0.7586172
0.558044
0.4007837
0.6100933
0.72904384
0.5228752
0.5097523
0.6152883
0.8071111
0.73156375
0.8143445
0.76227725
0.48141295
0.7154055
0.60346884
0.67648625
0.8459867
0.22713259
0.5356615
0.70308167
0.15963776
0.56998485
0.53489304
0.7384567
0.52850705
0.5085427
0.37328535
0.7286051
0.57143176
0.44274154
0.5972504
0.51043683
0.56132406
0.47352558
0.6952895
0.5913759
0.59058625
0.3484417
0.7687619
0.5332704
0.52778906
0.10855601
0.69982326
0.5503836
0.71997595
0.43006366
0.30981332
0.75524443
0.317578
0.49270165
0.7332718
0.67369896
0.5303574
0.541524
0.37743676
0.25961775
0.54704404
0.54484195
0.69693375
0.7903475
