0.31239778
0.178242
0.3561664
0.21229646
0.14667952
0.2399053
0.121549465
0.2845717
0.3370707
0.4048602
0.13519648
0.25093645
0.2578627
0.28011927
0.3727933
0.28237
0.23244104
0.18402143
0.25352216
0.2213134
0.22652474
0.43183517
0.3181913
0.26093686
0.04250918
0.03604306
0.3480605
0.20135123
0.27799723
0.27426568
0.2524111
0.15154277
0.25493363
0.2871172
0.37090188
0.19915833
0.17606819
0.32438725
0.28688726
0.31736174
0.018980784
0.083031684
0.18505064
0.30810803
0.12176858
0.24866761
0.22722949
0.11685528
0.124115534
0.2758263
0.2625095
0.14254868
0.34197247
0.15070662
0.42824924
0.26836812
0.3242746
0.1714178
0.3073606
0.35361165
0.20764819
0.31039944
0.24531767
0.18218906
0.15023996
0.22910085
0.12216591
0.13647673
0.21644461
0.10112831
0.12577826
0.32880795
0.24494119
0.35021955
0.110784605
0.4044148
0.19808261
0.20343857
0.2616338
0.16054915
0.3370838
0.18578501
0.069310345
0.13667503
0.22693054
0.15810873
0.21483009
0.32477906
0.21528617
0.37803963
0.40486422
0.3034475
0.40591133
0.2558726
0.18780822
0.30709794
0.23931298
0.24344845
0.16884498
0.22805701
0.12448677
0.066513926
0.007172205
0.1663926
0.2782994
0.15680616
0.19275886
0.22336975
0.37732065
0.33461386
0.16115507
0.19308847
0.19070274
0.12406211
0.18657653
0.29468998
0.3071467
0.22736874
0.31945485
0.47570235
0.12713435
0.3325916
0.15079567
0.20699747
0.2535068
0.20107318
0.22312574
0.09503699
0.26013696
0.26751283
0.41381276
0.39357543
0.19937642
0.25891072
-0.008463118
0.1952792
0.24601837
0.15844478
0.083393864
0.16018583
0.19729629
0.40211028
0.24673873
0.14236638
0.095332265
0.18725279
0.22108914
0.15856892
0.20517501
0.23792867
0.373232
0.4034193
0.12471666
0.21539009
0.30492413
0.2760403
0.15653361
0.23375753
0.15130629
0.23113178
0.22064082
0.15790093
0.19389147
0.3336311
0.16357042
0.35392088
0.1713453
0.20574896
0.30039415
0.35260758
0.071883135
0.3887559
0.11385936
0.18639095
0.4341309
0.31181377
0.09768256
0.3741292
0.2194733
0.34558874
0.28744927
0.1489343
0.30461347
0.19416536
0.28253397
0.27735782
0.14144358
0.23812619
0.098169275
0.25438216
0.16700324
0.23680243
0.17245506
0.38433638
0.14845082
0.1921875
0.18679725
0.27093643
0.14385034
0.1698066
0.5789693
0.16084304
0.3458489
0.27934903
0.19443397
0.21564205
0.24528578
0.1596001
0.5183594
0.21446534
0.19145235
0.3943885
0.37556368
0.1978066
0.100710474
0.20911954
0.17346396
0.24394031
0.23531291
0.32818392
0.37611648
0.20079012
0.36066556
0.10478515
0.09508241
0.2879453
0.2272789
0.3369857
0.3633472
0.1890334
0.16888314
0.40739137
0.22186428
0.07619477
0.30521217
0.3296275
0.28073415
0.17662084
0.30537078
