0.22245446
0.2000491
0.2522262
0.20849495
0.10231809
0.24107997
0.040816236
0.14917985
0.16859755
0.29156217
0.19273783
0.223913
0.20669837
0.26235062
0.34621912
0.2530996
0.18595201
0.17579095
0.17174155
0.26039064
0.14869466
0.41342098
0.16791908
0.29692408
0.021134699
-0.025929041
0.1961614
0.19734745
0.24824075
0.2536314
0.21948881
0.12282358
0.18268889
0.14516799
0.36381978
0.21135697
0.057193574
0.22771192
0.18427941
0.29383862
0.072270244
0.060494266
0.13428947
0.26525554
0.037199188
0.18480338
0.23898533
0.098034754
0.117823176
0.1042359
0.1777024
0.10579427
0.29618672
0.15899359
0.39435118
0.154169
0.07410994
0.14443095
0.22942922
0.3403016
0.027004879
0.19541492
0.18939504
0.122642286
0.15409583
0.22092621
0.05064479
0.0307601
0.116746396
0.11368577
0.08864652
0.28511596
0.19795814
0.3217095
0.09074068
0.42797527
0.22630556
0.15193559
0.22220238
0.13915652
0.3005834
0.0700596
0.06942401
0.059000045
0.20386915
0.21621227
0.12951168
0.3301855
0.05439539
0.2968437
0.23620516
0.26059395
0.35076365
0.25611082
0.12892921
0.26596862
0.2748347
0.16215035
0.12805404
0.19213544
0.10795593
0.038119096
-0.016492762
0.1436168
0.12788482
0.14998683
0.01890078
0.23974061
0.22993729
0.27554342
0.14182995
0.13005199
0.17164637
0.04514407
0.19748047
0.22798775
0.21440516
0.14474201
0.21005195
0.41598982
0.06660257
0.2784191
0.12643535
0.09759782
0.11632576
0.13915853
0.21161172
0.039628472
0.21946974
0.24133527
0.25714263
0.3260792
0.057283077
0.21665566
0.014290799
0.16795631
0.1732973
0.14205526
0.072019696
0.1598755
0.25011265
0.37400228
0.25813758
0.17258069
0.052683044
0.12842219
0.22338411
0.11011614
0.1509683
0.17174496
0.22847404
0.38309592
0.05366152
0.13168675
0.2641548
0.23927166
0.15177506
0.23889644
0.063227065
0.119429834
0.2224487
0.11531917
0.22231767
0.33624816
0.15805139
0.3103022
0.12000008
0.20217562
0.19165306
0.11335891
0.06609377
0.344232
0.090672776
0.19659682
0.39586365
0.27327508
0.03458951
0.18591683
0.010126709
0.20786232
0.049224135
0.0585741
0.26121873
0.18771641
0.20410852
0.15576507
0.12874344
0.14667656
0.07118704
0.14963616
0.10783623
0.22816363
0.13613413
0.2817181
0.14618511
0.15777828
0.17830475
0.16833869
0.13188674
0.13291053
0.5755291
0.1561734
0.31814107
0.2442773
0.15830603
0.18270092
0.16222714
0.15788515
0.45272368
0.23875599
0.2023651
0.3428559
0.25367326
0.16236645
0.12686872
0.22294822
0.08271059
0.10653801
0.15036978
0.34540576
0.26539943
0.2120299
0.24952891
-0.024798244
0.029326392
0.13909636
0.18892321
0.27315065
0.3131247
0.13427798
0.17718904
0.31085214
0.21225251
0.05489853
0.2832193
0.25589868
0.22567779
0.17855991
0.22040899
