0.3189444
0.36873728
0.34552667
0.38614988
0.44554886
0.45169124
0.47464544
0.34711617
0.37627697
0.39297843
0.3835209
0.42959926
0.6079529
0.3622933
0.30664912
0.29059014
0.33511057
0.38624015
0.46218228
0.30084765
0.37273216
0.41491824
0.44033322
0.28263426
0.49331045
0.44775108
0.4076865
0.46218228
0.6892194
0.35994762
0.32629997
0.27310717
0.62294763
0.6826194
0.711661
0.55633205
0.68894255
0.6622495
0.7305979
0.73547894
0.29704592
0.53655094
0.7429325
0.7429325
0.65897125
0.6019938
0.72046137
0.639084
0.44744086
0.5920033
0.49022707
0.56874925
0.6246641
0.58819306
0.5382206
0.50977093
0.60510623
0.703734
0.66363126
0.6401804
0.6931255
0.5796066
0.47663847
0.5063635
0.30753464
0.7220532
0.59285516
0.49791765
0.7232832
0.6876816
0.65237284
0.29840684
0.1675868
0.46004504
0.7099978
0.6243197
0.5627614
0.5499929
0.283513
0.43874177
0.50862724
0.7232952
0.6882199
0.7263771
0.7144415
0.7263771
0.75674915
0.746885
0.32843524
0.7232952
0.7232952
0.77938104
0.82565856
0.7203714
0.71272475
0.6580969
0.43889153
0.49073756
0.56276673
0.46897706
0.5060379
0.48186433
0.56529415
0.6171877
0.034136806
0.54990774
0.5072888
0.57351357
0.7220069
0.53714746
0.44707152
0.4296321
0.26719767
0.45854443
0.49914783
0.5316519
0.6074213
0.5636358
0.47250482
0.5758832
0.72153974
0.47668323
0.45810032
0.513981
0.7778804
0.6381644
0.43640545
0.39212227
0.35469025
0.21721323
0.22285661
0.22285661
0.33752233
0.18564586
0.22285661
0.7385823
0.39864963
0.28050125
0.22285661
0.24960922
0.41407531
0.4906082
0.5943181
0.321992
0.42753172
0.50782835
0.60772115
0.48826256
0.50892264
0.48826256
0.4769481
0.461153
0.4184242
0.42068395
0.50892264
0.6984291
0.71981955
0.46559358
0.48473498
0.54466283
0.3383506
0.4137161
0.39060563
0.4867772
0.40039417
0.3794114
0.3877801
0.4541599
0.41617072
0.4541599
0.39286196
0.46062052
0.64856195
0.40659136
0.3341563
0.37375087
0.13913147
0.39333242
0.51139134
0.2288319
0.39610565
0.211363
0.36436504
0.1855954
0.40042913
0.2079395
0.40703928
0.40703928
0.6884406
0.36470786
0.2981264
0.27367416
0.20970386
0.5007598
0.54761827
0.54106975
0.49374348
0.52816457
0.51361257
0.4095345
0.1836461
0.47401237
0.57203853
0.5456962
0.58582735
0.52121776
0.41407716
0.5519848
0.13938114
0.3821573
0.40260574
0.21534738
0.37261602
0.42334098
0.47384903
0.15955
0.2433523
0.3932004
0.29359043
0.48377356
0.43811825
0.40005127
0.13550468
0.2908173
0.3607003
0.47340673
0.47340673
0.4229269
0.47340673
0.4477262
0.39177474
0.26612025
0.26119235
0.2990335
0.38104242
0.47340673
0.49748692
0.41164705
0.42518508
0.28602138
0.10874118
0.2700628
0.27899042
0.36417416
0.2653892
0.40229058
0.4245027
0.19644754
0.1669626
0.25785518
0.34053445
0.42130902
0.5006534
0.26850903
0.22974192
0.1656473
0.47210822
0.37863228
0.4171065
0.46130145
0.4508903
0.45341113
0.49335828
0.3326727
0.15265171
0.25826317
0.47350234
0.47838926
0.6881114
0.13909298
0.24290171
0.306306
0.30240694
0.385162
0.560828
0.35107648
0.43207866
0.515766
0.44600868
0.44030312
0.1153365
0.45578074
0.44776896
0.59266156
0.5588674
0.6014858
0.40616083
0.41130695
0.45454684
0.45833
0.60451216
0.45833
0.45833
0.5250919
0.64224553
0.64751005
0.4144211
0.6906719
0.60180503
0.60180503
0.7209033
0.49098527
0.4580499
0.43784487
0.30679455
0.37850007
0.5105998
0.43323216
0.48533562
0.46206108
0.53020126
0.45865583
0.22298619
0.502336
0.43884987
0.44830316
0.71030086
0.43801937
0.36410898
0.4341662
0.13712204
0.4587505
0.50493896
0.3289054
0.49381423
0.45858076
0.5564125
0.2528143
0.066706434
0.519649
0.49408725
0.5446428
0.72816604
0.25752404
0.2382457
0.2714696
0.5517099
0.58885837
0.6491867
0.568908
0.6748586
0.57948446
0.6509975
0.48799968
0.28976363
0.6647317
0.62082535
0.6501636
0.67999774
0.6607708
0.52722114
0.46067062
0.52720374
0.52316153
0.62835354
0.6403242
0.4800778
0.57181686
0.5583002
0.6177419
0.42956793
0.65205663
0.6190285
0.6492926
0.65408003
0.59194344
0.60887265
0.52593523
0.2535234
0.59500706
0.47349828
0.5561642
0.5764344
0.5764344
0.588359
0.59185314
0.15597628
0.521605
0.49777192
0.6458785
0.68326825
0.47836348
0.30927673
0.46034116
0.20623326
0.50913906
0.51957184
0.4785551
0.52306944
0.5573853
0.5680603
0.44544643
0.22430976
0.40651405
0.57805616
0.63318694
0.4983493
0.44172758
0.22444618
0.51040286
0.19301772
0.3735145
0.45666322
0.23114173
0.2811681
0.3550762
0.411561
0.398757
0.11442653
0.37826797
0.410697
0.45666322
0.7136762
0.2997429
0.22182542
0.40451136
0.36471298
0.43795952
0.45204908
0.2905432
0.36310667
0.50360376
0.53212607
0.4491742
0.31209174
0.39144224
0.40234426
0.5325324
0.5995337
0.4819882
0.32067108
0.41898462
0.48408073
0.5831143
0.6193156
0.5540533
0.58164364
0.55356103
0.5745821
0.56710184
0.55595434
0.635281
0.5477488
0.56648517
0.5293763
0.572531
0.49298477
0.484917
0.5024469
0.54481107
0.5731125
0.5672357
0.54800975
0.5865941
0.5504912
0.58243316
0.30472633
0.50678414
0.5785784
0.6112822
0.7359342
0.59899753
0.6152854
0.5291834
0.32784274
0.44860026
0.5961605
0.5068574
0.4686758
0.5914259
0.6639397
0.33367008
0.42282325
0.6064457
0.6015666
0.6671079
0.70871484
0.4720275
0.56503576
0.45249188
0.27792037
0.33344007
0.3327271
0.2959017
0.3088487
0.31123534
0.45356703
0.22249876
0.19150442
0.22536455
0.31882894
0.5319422
0.34471303
0.38326022
0.20219013
0.27763504
0.34611368
0.573609
0.39702052
0.5895557
0.53450084
0.5895557
0.5019854
0.55691135
0.24861649
0.461912
0.55008465
0.6073606
0.6353643
0.53729457
0.5497424
0.5798395
0.24537133
0.362696
0.34234822
0.46025595
0.39960894
0.48951894
0.40681797
0.42843446
0.31903365
0.27803427
0.40928078
0.5352994
0.5359909
0.36818746
0.36486575
0.37747234
0.45947248
0.42005798
0.56988746
0.54626256
0.4702795
0.6130918
0.6249565
0.700026
0.28791395
0.5499829
0.6588327
0.6430489
0.7540506
0.39470324
0.38635355
0.4819866
0.19332452
0.42677218
0.5005726
0.44787768
0.4773674
0.43968394
0.5039168
0.2561944
0.25778323
0.43606597
0.48976576
0.5005726
0.65153235
0.30334002
0.32771796
0.27291176
0.27198622
0.29490763
0.34247643
0.26079568
0.27153566
0.57867396
0.34724572
0.4251045
0.44178626
0.37398666
0.3481543
0.5837426
0.62980115
0.40753624
0.29551598
0.28150004
0.38666627
0.42174873
0.43170643
0.359446
0.5106795
0.49199998
0.51822054
0.31616497
0.18210356
0.39289507
0.29410237
0.53922707
0.479593
0.40574518
0.31831115
0.32038227
0.31592968
0.6614565
0.44788992
0.45734
0.59035426
0.640095
0.6116146
0.32955047
0.38244656
0.3815229
0.42519936
0.6614565
0.5732443
0.49818194
0.5748884
0.4136477
0.37638938
0.37667048
0.59304965
0.45917735
0.520664
0.43502006
0.41152865
0.34020612
0.39298728
0.26201493
0.3043651
0.5396751
0.7196067
0.5222797
0.41252887
0.35401335
0.27634677
0.5412468
0.529554
0.5581268
0.40584588
0.57777977
0.60862964
0.42605937
0.3059426
0.5217813
0.5496465
0.6030841
0.44345933
0.3289259
0.4249311
0.3778802
0.3475344
0.5069667
0.47200438
0.47658482
0.49810752
0.53566325
0.578645
0.35504338
0.44102487
0.38083065
0.51032954
0.38971588
0.6037619
0.54706216
0.4203358
0.42452526
0.4928908
0.5297135
0.41731113
0.5440481
0.5801646
0.6059879
0.5988205
0.50530624
0.3075155
0.58479935
0.6102462
0.6102462
0.7250355
0.6059879
0.45752388
0.44974115
0.41169345
0.46163046
0.44802532
0.38549894
0.4953493
0.47548398
0.4350734
0.32159692
0.14524454
0.5559522
0.50743526
0.45404974
0.57090855
0.46095303
0.37655643
0.36747545
0.11074646
0.44874972
0.38040605
0.3700381
0.33369234
0.56079626
0.40591952
0.45853767
0.085358344
0.35082075
0.51067287
0.58595645
0.43366438
0.4981875
0.12010439
0.40791234
0.16118973
0.45791548
0.35141414
0.39596313
0.41655004
0.3930318
0.49390656
0.39042947
0.13689834
0.3267787
0.32936856
0.556255
0.46064907
0.20896325
0.14139825
0.36787888
0.7007525
0.61107576
0.67810357
0.7139834
0.701317
0.75138414
0.6378185
0.7113078
0.30958146
0.6840877
0.71979326
0.6914398
0.78582746
0.66648304
0.5549297
0.62246233
0.26750296
0.46388367
0.4911274
0.30939662
0.5012666
0.57092005
0.59491634
0.19974211
0.14588957
0.4394815
0.5138148
0.4799413
0.50012845
0.55359644
0.39202297
0.49101067
0.4734247
0.57001996
0.6563846
0.56279135
0.6029301
0.626604
0.6331976
0.6535417
0.3376965
0.5679593
0.62780434
0.62780434
0.50994354
0.6073815
0.4981495
0.50877386
0.40304002
0.5340777
0.54315454
0.5195258
0.5666059
0.63164663
0.47191858
0.2967548
0.10041442
0.3398827
0.31158152
0.52370256
0.7197503
0.5427402
0.5672392
0.4220017
0.37951863
0.5184209
0.47932965
0.53042656
0.5723825
0.51911366
0.48566556
0.530933
0.3545251
0.48895445
0.51753443
0.51753443
0.7397891
0.556025
0.4794904
0.46575734
0.1810414
0.35983855
0.37353912
0.2911781
0.3527833
0.33025083
0.42140225
0.39715245
0.044226293
0.2628575
0.34769234
0.5473006
0.5280604
0.32290524
0.3140477
0.36698154
0.14613743
0.44291863
0.50674874
0.40501562
0.38660088
0.4386391
0.5145861
0.34709835
0.14481427
0.35144335
0.5204367
0.46195993
0.69401103
0.26362783
0.20650956
0.47801533
0.2317079
0.35217616
0.5230666
0.40258992
0.50942564
0.47622305
0.5834659
0.60648453
0.39112258
0.37395588
0.42076236
0.5772338
0.5285444
0.51736355
0.14959563
0.43985134
0.53304744
0.6990474
0.63666254
0.6148006
0.6918872
0.71796536
0.71793073
0.5847937
0.17904122
0.39343426
0.69460523
0.7030834
0.6646844
0.6990474
0.5412917
0.5437758
0.3309051
0.3841841
0.259503
0.59345174
0.3841841
0.4183418
0.54152226
0.56562084
0.1066544
0.42300135
0.527423
0.43968257
0.71366566
0.4927591
0.2959196
0.43608147
0.34658834
0.52859616
0.5095253
0.48270357
0.5646244
0.5625503
0.55815953
0.5812257
0.43596703
0.5716562
0.47226474
0.5625503
0.7744966
0.49093032
0.3828951
0.3113924
0.33332083
0.40172246
0.4791536
0.39093506
0.40636444
0.39050263
0.47169444
0.40256977
0.4416839
0.42070636
0.3752337
0.4791536
0.63294685
0.3831639
0.29672325
0.28977275
0.35113153
0.5714927
0.503868
0.3044982
0.47511646
0.41069475
0.5794315
0.5104103
0.7834156
0.5871249
0.49894112
0.60766137
0.5078602
0.58795995
0.10471245
0.3940928
0.491907
0.5310542
0.5584047
0.4118048
0.5007213
0.52536577
0.4737922
0.48260173
0.51259726
0.64421064
0.40053064
0.62803453
0.56489706
0.6057711
0.61791307
0.5002122
0.3892166
0.48178178
0.59503007
0.5412314
0.5524975
0.5081539
0.527631
0.29756582
0.07399278
0.33797956
0.6020736
0.6020736
0.5812247
0.5074073
0.40793702
0.3810875
0.095916174
0.4514009
0.46651477
0.41056937
0.4477494
0.4629381
0.46754864
0.391362
0.23734342
0.5140188
0.4246113
0.4972507
0.5509515
0.38095227
0.41661695
0.46643272
0.2183387
0.36703828
0.5045137
0.22145727
0.21726047
0.22041065
0.47713202
0.3132582
0.21838169
0.6385634
0.38780707
0.58411133
0.4983803
0.4566714
0.26723367
0.425768
0.255185
0.46398592
0.3845263
0.43602347
0.40558568
0.41577238
0.44396284
0.44446272
0.32157272
0.39085472
0.36953697
0.46319303
0.50574577
0.46204746
0.42966548
0.31427127
0.40663368
0.49942124
0.47340393
0.5211831
0.49071562
0.5191981
0.53708035
0.4928852
0.37937647
0.55201024
0.49532574
0.49532574
0.42512622
0.54011595
0.47813967
0.3533429
0.38672698
0.5123394
0.35041377
0.49783152
0.5104815
0.46021962
0.5384618
0.65936506
0.6213664
0.6842692
0.3788752
0.46951157
0.6587665
0.44237512
0.32751557
0.35917813
0.4581315
0.5003971
0.6167833
0.48895708
0.55174106
0.56578195
0.6161054
0.49235895
0.38125843
0.565711
0.6463565
0.6463565
0.6197581
0.57501185
0.58004194
0.4381531
0.44274557
0.54145086
0.59235436
0.67934555
0.4951437
0.6107875
0.6554726
0.64466774
0.7178368
0.69577
0.58679926
0.65346575
0.7332727
0.5666999
0.1830954
0.58166987
0.22310854
0.27767628
0.36901435
0.29387853
0.34546515
0.30406678
0.3693546
0.2148102
0.36211437
0.26553622
0.45567584
0.45567584
0.48973
0.36254257
0.23407851
0.31627902
0.43427002
0.48619133
0.45752752
0.46425706
0.33034563
0.39203274
0.52502245
0.47896904
0.08781754
0.52613634
0.40653074
0.43732962
0.6603913
0.42812726
0.21759406
0.42613173
0.36185
0.65139806
0.6791888
0.70064497
0.61428463
0.69736737
0.6165699
0.665247
0.29832277
0.62935394
0.6791888
0.6791888
0.63914067
0.72477174
0.5944962
0.49901268
0.3342
0.23340717
0.39137807
0.2725693
0.34549943
0.39939326
0.4181883
0.23443992
0.29299724
0.36259943
0.42557287
0.42557287
0.33998767
0.3193989
0.4093353
0.2899269
0.38190204
0.38211673
0.5592904
0.5191842
0.53125894
0.49835953
0.5471709
0.46905628
0.34511015
0.41270512
0.37999588
0.5592904
0.63553905
0.53125894
0.28096157
0.47959536
0.14822549
0.33114493
0.37370315
0.43569103
0.5831991
0.57938296
0.4355113
0.40239745
0.30982584
0.32102296
0.4140841
0.5831991
0.55271834
0.46908537
0.22101296
0.42502698
0.31459287
0.48767805
0.6194412
0.5858101
0.53617954
0.6097612
0.55316794
0.69479436
0.2594764
0.6759055
0.67026836
0.67026836
0.7300366
0.43885902
0.52588916
0.36575782
0.18853812
0.43045428
0.36741424
0.39827377
0.32702267
0.4710583
0.38450277
0.3016954
0.32889518
0.39899695
0.42090055
0.47308552
0.55449843
0.34954673
0.26920918
0.40434363
0.33290642
0.35139224
0.41760427
0.32303983
0.36313707
0.38160136
0.41849968
0.230132
0.20956083
0.2886002
0.42521366
0.5108836
0.59705615
0.38104072
0.35322922
0.29914355
0.4263141
0.4802462
0.537
0.43901053
0.51085496
0.4673911
0.5132329
0.42123845
0.29580894
0.53419524
0.5132329
0.5132329
0.6445095
0.5034064
0.3911627
0.31949565
0.49581543
0.47484308
0.51664054
0.54927254
0.59366935
0.4890209
0.623656
0.6389935
0.22948319
0.6089295
0.63475454
0.57399213
0.6217553
0.492001
0.562534
0.49754447
0.2251237
0.4411796
0.36187467
0.3946687
0.4882178
0.43282297
0.46388787
0.35742965
0.07117241
0.24905954
0.4022779
0.4566188
0.6108564
0.4485192
0.12555943
0.32787937
0.6011965
0.6203745
0.6199875
0.64902765
0.6496281
0.5885188
0.68739676
0.66812277
0.4670388
0.55660594
0.675436
0.675436
0.82645935
0.6090539
0.7041082
0.601386
0.4948366
0.5875211
0.6444961
0.54609996
0.64081895
0.5350715
0.6739157
0.5088516
0.6912937
0.56172806
0.6626605
0.6626605
0.7292779
0.53291786
0.66147566
0.5548536
0.27425885
0.48562473
0.42295653
0.4389748
0.3657639
0.5162907
0.4313792
0.38314885
0.54429305
0.43522397
0.40566656
0.40566656
0.5873485
0.5893569
0.45109075
0.3910359
0.52654785
0.6504553
0.56223786
0.63429344
0.6504553
0.61797416
0.57912254
0.6677787
0.41315973
0.68708086
0.58097094
0.58097094
0.78469664
0.67828196
0.62696487
0.5194435
0.3987524
0.44421482
0.5673412
0.5656743
0.28134912
0.4508262
0.5297355
0.6052551
0.3688084
0.5669157
0.52195936
0.6035002
0.72231096
0.50250775
0.35745
0.40512028
0.25198957
0.40515515
0.48172688
0.4857402
0.5133491
0.42728698
0.5040827
0.30065116
0.1423357
0.33804548
0.3504373
0.5197013
0.67257226
0.45236215
0.39730546
0.45791167
0.31511673
0.3590952
0.40420398
0.29601777
0.2468208
0.48955664
0.45436752
0.3937729
0.55060744
0.45078903
0.3947945
0.520281
0.6652851
0.3469557
0.20140867
0.4670728
0.25181
0.5350566
0.4316548
0.4749678
0.3947419
0.4102143
0.48953962
0.3181232
0.2494282
0.40554395
0.42815256
0.5161709
0.6403025
0.3853405
0.49194732
0.5435144
0.21006036
0.47928083
0.452917
0.4220432
0.31723392
0.42200497
0.42946577
0.29641944
0.14784697
0.26991174
0.35460338
0.51759183
0.5327607
0.41082665
0.16110095
0.30569872
0.5383303
0.62984204
0.72349733
0.6843067
0.681583
0.66474706
0.6904416
0.62220746
0.4447171
0.63329345
0.67113125
0.7484402
0.6832561
0.52811116
0.62772655
0.5148325
0.14973311
0.34846213
0.3089513
0.3284569
0.10277209
0.3975334
0.35585347
0.20190242
0.17103413
0.2479112
0.29845032
0.42263177
0.32578054
0.30749494
0.068908855
0.22105256
0.38618186
0.5238826
0.516724
0.52129126
0.44176003
0.41169965
0.51588
0.21564636
0.35897398
0.45685822
0.44277763
0.52498615
0.54953665
0.4999165
0.24274068
0.3950272
0.51248246
0.6411498
0.54229015
0.7038633
0.6746339
0.63532114
0.53711987
0.60562223
0.28771573
0.72471344
0.5198824
0.62288594
0.76443624
0.6577146
0.6958299
0.6153236
0.48325393
0.51018655
0.5265482
0.28397572
0.51868963
0.48648882
0.52388936
0.54375726
0.16405255
0.48454428
0.5239497
0.53576976
0.5263798
0.41997492
0.41967174
0.46044445
0.22011872
0.31934798
0.42096326
0.30635452
0.49416503
0.36305186
0.5010154
0.41060263
0.6828828
0.35061166
0.42369208
0.45288396
0.50131595
0.3102085
0.1959377
0.31752598
0.15686814
0.53008413
0.45037076
0.43482932
0.43458012
0.5234527
0.5363173
0.2587126
0.23893306
0.33335677
0.3741773
0.5820654
0.505904
0.30473807
0.38305095
0.40674344
0.49083796
0.6070831
0.6054744
0.5331921
0.5331921
0.58707756
0.6508606
0.73089826
0.5029137
0.7038315
0.7089876
0.7089876
0.75177526
0.5633832
0.64552397
0.48930457
0.24363925
0.36609375
0.47929558
0.38388595
0.41326085
0.3926086
0.541596
0.31389618
0.3710131
0.30012545
0.4797603
0.5988824
0.6848701
0.49531922
0.2780315
0.3018147
0.35655966
0.54200053
0.44783247
0.43928552
0.47297272
0.551771
0.6723943
0.53697795
0.2764609
0.39655694
0.57099986
0.61759436
0.75452685
0.5009366
0.51149845
0.49222922
0.57620513
0.67839193
0.7125468
0.70744014
0.66967344
0.6731838
0.7115576
0.4915258
0.330044
0.48028967
0.7125468
0.6976359
0.61934894
0.714978
0.50649345
0.5490169
0.38605183
0.49358767
0.6444476
0.62169445
0.58504176
0.63914776
0.60157984
0.7203814
0.3014158
0.644933
0.6788133
0.6788133
0.64071226
0.6208065
0.48527893
0.52404535
