0.32921433
0.44065848
0.41053623
0.47393999
0.44993755
0.4549125
0.47535607
0.37929314
0.62261647
0.4432949
0.4475071
0.4873795
0.668521
0.4187196
0.31800288
0.32276633
0.35690022
0.39222
0.4637728
0.3179509
0.378869
0.42335734
0.44115755
0.36450687
0.6988332
0.49749526
0.42609686
0.4637728
0.73604083
0.39502877
0.33052054
0.29878488
0.63631827
0.71536374
0.74573815
0.76941067
0.74556357
0.7472517
0.7533621
0.7778176
0.33951294
0.75233096
0.7850827
0.7850827
0.7721331
0.7643061
0.773453
0.6516871
0.48790795
0.64925313
0.53808457
0.6202629
0.6681129
0.6388552
0.6114157
0.5931931
0.6884013
0.7210669
0.71151274
0.7082268
0.77555853
0.6200852
0.5194788
0.5206911
0.32670274
0.7467162
0.59780914
0.5331698
0.742883
0.7656919
0.71940637
0.3986077
0.25421366
0.48306686
0.7310593
0.6765385
0.66503847
0.5725951
0.31849757
0.4670589
0.5304575
0.73215795
0.6985913
0.7353561
0.7176548
0.7353561
0.75802946
0.7495956
0.39328912
0.73215795
0.73215795
0.78453857
0.83552474
0.7286812
0.71786076
0.66011816
0.47730032
0.5872414
0.6607384
0.5731744
0.6144235
0.5334201
0.5995704
0.69495374
0.13520256
0.6321022
0.6084528
0.61431116
0.89252394
0.5906624
0.46480808
0.46933323
0.29844767
0.5411831
0.55174893
0.6219675
0.6232274
0.6242592
0.49107963
0.6548039
0.79849
0.61402166
0.52445614
0.5746395
0.84854966
0.7100222
0.55171525
0.4980779
0.3999983
0.25468522
0.2602541
0.2602541
0.3824211
0.24378644
0.2602541
0.7687095
0.5199104
0.33740872
0.2602541
0.2567291
0.46301234
0.585569
0.7311786
0.32769036
0.47584656
0.6101098
0.6711301
0.60393465
0.60941666
0.60393465
0.5698107
0.622664
0.5352467
0.5033323
0.60941666
0.7061538
0.78247666
0.604805
0.5586848
0.6288872
0.36132514
0.48339513
0.44117847
0.5333851
0.4545018
0.43162626
0.42941967
0.52141076
0.58418655
0.52141076
0.44661686
0.47832757
0.74225676
0.5050107
0.3621487
0.44751084
0.16964056
0.3964559
0.5278819
0.27097362
0.39762938
0.21847174
0.36466855
0.21857056
0.57934034
0.29743624
0.41355762
0.41355762
0.7125238
0.3723814
0.35074905
0.27696705
0.32510152
0.559177
0.5524665
0.60060245
0.5576488
0.5741125
0.53976566
0.5820953
0.2413815
0.5569044
0.581886
0.5462382
0.72825575
0.599398
0.5155657
0.6316038
0.23223986
0.41071725
0.46837568
0.4287593
0.44221255
0.44851786
0.4855571
0.24216168
0.3296774
0.435971
0.36872682
0.49572173
0.52717495
0.53142947
0.23716898
0.3884717
0.3759333
0.49694735
0.49694735
0.4465201
0.49694735
0.4512379
0.441178
0.3203993
0.36685175
0.38747436
0.43102968
0.49694735
0.5987383
0.41594595
0.45261285
0.33722046
0.1836336
0.33375642
0.31544116
0.3957733
0.31283352
0.42689374
0.43223998
0.23521747
0.24431367
0.31155065
0.35825157
0.4304288
0.6084371
0.31495506
0.27104104
0.1977198
0.4731328
0.38445666
0.42164975
0.51797044
0.45671204
0.47440794
0.5149369
0.39931095
0.38415447
0.33507997
0.50959325
0.4906893
0.71134734
0.3078469
0.3543689
0.41473883
0.3290034
0.47661054
0.580805
0.5173441
0.51329386
0.5919862
0.51399
0.5681448
0.26555514
0.55979145
0.51830727
0.62265044
0.69244605
0.6304473
0.49702048
0.4931362
0.5257467
0.599309
0.62978464
0.599309
0.599309
0.5964644
0.6607343
0.7027143
0.4954533
0.7103566
0.64253587
0.64253587
0.774825
0.5812384
0.52555215
0.49570137
0.36319807
0.45328373
0.5570564
0.50309414
0.6139482
0.5208808
0.561044
0.5422218
0.35768008
0.5942738
0.53158665
0.5284687
0.7689992
0.5567714
0.4082318
0.5408483
0.20371614
0.5843569
0.5648241
0.41855857
0.57453305
0.57908285
0.63284
0.32987806
0.08146973
0.5919612
0.5567262
0.5752078
0.7989218
0.3919715
0.31241426
0.36505008
0.5519113
0.59420496
0.649219
0.6504297
0.68087405
0.5808421
0.65191
0.5975213
0.4132142
0.6878368
0.62252444
0.65107214
0.6974435
0.66127807
0.52729076
0.47720823
0.5414381
0.63360864
0.6745329
0.7303654
0.63323545
0.66129136
0.60586977
0.71069974
0.5352774
0.734435
0.6797228
0.6987361
0.8231015
0.7174385
0.6630422
0.612533
0.3098683
0.6353038
0.5655289
0.6372611
0.6504707
0.6504707
0.61207783
0.6665528
0.287407
0.6111001
0.59973663
0.69565505
0.7455284
0.5556336
0.43146077
0.47580802
0.20740196
0.5182601
0.5262459
0.5063857
0.52599883
0.5715917
0.58140844
0.4913171
0.2639302
0.45476872
0.5832275
0.6433569
0.66412085
0.47095358
0.24280545
0.5360809
0.22022088
0.44141108
0.46051195
0.27341726
0.44666043
0.42464462
0.41492987
0.43525752
0.24730705
0.4189327
0.44105452
0.46051195
0.7317092
0.36389646
0.27341032
0.44561452
0.36802542
0.4492035
0.4526155
0.36085534
0.3733493
0.5042972
0.53212225
0.50107825
0.41085702
0.4435847
0.4257214
0.53254455
0.69720566
0.48263562
0.39766875
0.42180663
0.5412601
0.59747106
0.690034
0.5954899
0.6189831
0.6307486
0.62038904
0.6353468
0.72834235
0.69959706
0.6225062
0.613956
0.59217864
0.6262663
0.5343685
0.5292529
0.50383025
0.59099895
0.6004921
0.5887371
0.6105697
0.60342145
0.57229537
0.6150621
0.3635215
0.5229222
0.60347867
0.6283605
0.7685958
0.61907333
0.62712204
0.5447261
0.3773173
0.48849466
0.640969
0.5728779
0.52565086
0.6506739
0.69015735
0.4594006
0.44279522
0.62391025
0.63862884
0.71537757
0.7845577
0.5165811
0.613051
0.48277596
0.32076025
0.44327518
0.404931
0.44238925
0.3835251
0.3850872
0.5308346
0.40169278
0.29752526
0.42225826
0.42100263
0.5723124
0.56196535
0.42829198
0.26586643
0.36146894
0.37247738
0.5907753
0.48389286
0.6067812
0.5725407
0.6067812
0.51625156
0.5931445
0.2761974
0.5709062
0.589253
0.61138576
0.6655252
0.6288925
0.6021007
0.5939693
0.29692233
0.4183671
0.4635415
0.49372298
0.41650018
0.53075176
0.45663834
0.49323463
0.46744376
0.3594551
0.46940225
0.5645421
0.6220062
0.39488629
0.42503694
0.41415134
0.46063852
0.42668688
0.57058555
0.56440026
0.50979394
0.61343247
0.6251784
0.70371807
0.3405658
0.5989456
0.6595888
0.64328724
0.7714377
0.42791024
0.41993722
0.50238085
0.26812792
0.4493583
0.5428931
0.50744283
0.50817597
0.47289008
0.5449555
0.28635642
0.32330984
0.46837196
0.51042753
0.5428931
0.8056689
0.3060205
0.35876408
0.2993556
0.32699722
0.36537296
0.40659052
0.33598384
0.36338556
0.59692025
0.4033412
0.4311597
0.46806222
0.42430243
0.41479897
0.58508825
0.6659771
0.4490855
0.35348842
0.31889835
0.38705117
0.48857114
0.4932467
0.4198722
0.5313224
0.52876294
0.52612495
0.41737846
0.51884806
0.4662885
0.37277848
0.5481878
0.6514413
0.45520642
0.46291578
0.33925313
0.3776613
0.6645384
0.50498265
0.5875595
0.5956266
0.64790976
0.61679083
0.42277277
0.4630008
0.5511914
0.47727278
0.6645384
0.6802253
0.57072866
0.6335461
0.41982263
0.47614473
0.58720016
0.60001475
0.5504748
0.5878222
0.5574912
0.5176929
0.46471342
0.43277553
0.39897704
0.4283735
0.613753
0.8054336
0.60863614
0.44591567
0.43372327
0.3288257
0.6003922
0.5705707
0.5826525
0.5457403
0.6224703
0.6510035
0.52351177
0.5181861
0.5980157
0.5882052
0.64632785
0.63284177
0.40833226
0.5158631
0.47056565
0.4134984
0.60872865
0.5471975
0.55721277
0.5937434
0.6562161
0.65771866
0.43023363
0.4417158
0.52934766
0.620221
0.47158188
0.69946134
0.6225262
0.50797117
0.5262723
0.509368
0.5425853
0.4399329
0.5552717
0.6135738
0.617352
0.6088292
0.52912664
0.4250426
0.6112027
0.6110934
0.6110934
0.7673952
0.617352
0.46305558
0.45959616
0.453358
0.47020042
0.44979483
0.52189344
0.5519147
0.5087661
0.43846172
0.3599966
0.3100902
0.5678717
0.52322423
0.4557428
0.67205805
0.47586796
0.38594702
0.38513038
0.22344677
0.52007866
0.42672342
0.45557192
0.39966902
0.61550605
0.43679562
0.56301755
0.1396195
0.41722307
0.58552974
0.6302497
0.6161953
0.56708187
0.15875724
0.43567348
0.25782797
0.5391602
0.36909652
0.42132068
0.50517774
0.4748189
0.5078775
0.42467055
0.27109942
0.3800758
0.4221768
0.5562457
0.62087333
0.3526552
0.1969708
0.46749026
0.7367266
0.7242881
0.705873
0.79991657
0.724158
0.7758298
0.66359764
0.7523341
0.50665474
0.81095946
0.76359504
0.72439307
0.8635383
0.72573864
0.6174336
0.6463727
0.3711084
0.58932674
0.6172909
0.40290388
0.59610456
0.66455024
0.66364133
0.37682673
0.408941
0.5621869
0.6097142
0.5959504
0.7195673
0.64413846
0.44442314
0.62307394
0.50181955
0.661436
0.7036674
0.67518497
0.6814183
0.7129449
0.67883956
0.728806
0.4957243
0.6541137
0.71656865
0.71656865
0.6122681
0.7280182
0.5876575
0.60090977
0.45957184
0.58145756
0.56851906
0.57627136
0.57921296
0.6753359
0.50958955
0.40449148
0.18106622
0.43839812
0.36471328
0.547939
0.759224
0.5780702
0.5983882
0.49745023
0.4159562
0.5699193
0.5222402
0.579251
0.63846475
0.5770893
0.5294131
0.5945722
0.44012287
0.5548683
0.56936777
0.56936777
0.8054372
0.6105418
0.5385094
0.51790977
0.21847408
0.4456443
0.4558701
0.39943597
0.41976273
0.41501144
0.49643573
0.4634445
0.35118684
0.3332386
0.44812053
0.5485319
0.7217824
0.42448127
0.36404255
0.40131727
0.23306483
0.48978022
0.51909024
0.47536317
0.41039425
0.48745707
0.5172088
0.5029117
0.2178209
0.46918258
0.5344801
0.4956528
0.7859553
0.3283592
0.23950325
0.49752033
0.299578
0.41410288
0.5990416
0.485717
0.5606451
0.56448054
0.61050105
0.624273
0.38668215
0.41316512
0.5002504
0.6108039
0.6785628
0.5872845
0.15883078
0.48515695
0.53536284
0.706279
0.64253247
0.64362055
0.7014585
0.7185103
0.7191988
0.59472287
0.21050183
0.4128817
0.6980546
0.7061314
0.68301135
0.706279
0.5417758
0.54478806
0.38093895
0.42474738
0.29527208
0.6249738
0.42474738
0.46270722
0.5533006
0.59075665
0.21030809
0.47933352
0.5383164
0.5429541
0.79308736
0.5371128
0.3330122
0.47667077
0.35120183
0.5321508
0.6136676
0.4884044
0.5668935
0.56575197
0.56404275
0.5921579
0.55352426
0.5881872
0.5119599
0.56575197
0.82326454
0.49687013
0.40060073
0.3159307
0.477083
0.47536677
0.55107695
0.477178
0.48312092
0.45831195
0.54156536
0.46248177
0.5361635
0.49456716
0.49531636
0.55107695
0.8275216
0.46416482
0.41935766
0.3420961
0.40509635
0.5756534
0.52178526
0.39752978
0.50726336
0.48416036
0.5808161
0.57549065
0.7891248
0.6348422
0.5124279
0.6092813
0.6595624
0.59106404
0.18794598
0.41793805
0.49379104
0.5334682
0.5695051
0.47967157
0.5445046
0.53872174
0.511673
0.6151282
0.56902
0.7175207
0.44852695
0.6547335
0.6247591
0.63866746
0.6237367
0.50704855
0.41725028
0.55192196
0.6139674
0.5553885
0.5740793
0.55047995
0.58406067
0.4251957
0.20199727
0.45640537
0.62834513
0.62834513
0.6487718
0.54737395
0.47356516
0.46496716
0.21739244
0.5649823
0.5239793
0.5866
0.5565629
0.5145209
0.4835722
0.5027128
0.34603283
0.6119572
0.4764459
0.51833546
0.70831364
0.50593305
0.47745124
0.55522513
0.27071887
0.38757136
0.5271551
0.3672538
0.33696467
0.35176623
0.48481363
0.38869643
0.31059393
0.6389031
0.41726813
0.5883317
0.68525875
0.49275547
0.3227091
0.48990807
0.36852816
0.5567919
0.49134165
0.51328754
0.5230157
0.5143574
0.5019396
0.5361241
0.5245439
0.483487
0.48820648
0.53246325
0.7179608
0.5497902
0.54026926
0.41392604
0.45713398
0.57413024
0.54596186
0.59553754
0.5055807
0.61162347
0.5847462
0.51383483
0.3992375
0.5648014
0.5717739
0.5717739
0.5869295
0.5568614
0.5394078
0.4175248
0.43689537
0.54563
0.4291636
0.5331716
0.52825093
0.5604044
0.60896516
0.70658267
0.66349113
0.7406749
0.45182613
0.5755915
0.74179786
0.47818014
0.35572928
0.42787477
0.50582117
0.57941216
0.67638105
0.52234685
0.59410614
0.6533475
0.6709196
0.5445335
0.41993603
0.6181583
0.7023527
0.7023527
0.7950219
0.65252924
0.65347236
0.574959
0.45024726
0.57899886
0.6343914
0.7123214
0.5541299
0.6294143
0.66792536
0.66366714
0.81472605
0.7044138
0.6365841
0.6590695
0.7839891
0.6095072
0.25107697
0.5996971
0.2745419
0.35786587
0.39459625
0.4117353
0.43365696
0.3696398
0.41903263
0.3731324
0.42099097
0.39530787
0.5030522
0.5030522
0.6358675
0.4495703
0.2581565
0.40267426
0.4659981
0.555918
0.50823075
0.5814461
0.4150343
0.52946687
0.59339637
0.55392754
0.10377692
0.58285034
0.4794242
0.49416655
0.74812806
0.60299426
0.3177554
0.53099173
0.402786
0.7376896
0.71012086
0.7513196
0.68700635
0.76398754
0.68931454
0.7467921
0.32774135
0.72334975
0.71012086
0.71012086
0.7305237
0.7661566
0.6436261
0.5692158
0.39785966
0.3745176
0.40176177
0.3745908
0.40490112
0.4624211
0.43835366
0.28787452
0.47586638
0.42144722
0.446034
0.446034
0.5810566
0.41285092
0.41954944
0.34260505
0.40381864
0.4739588
0.56385964
0.54270715
0.5413453
0.5041956
0.55154985
0.52072835
0.45124388
0.48464164
0.43185988
0.56385964
0.69143814
0.5413453
0.34725735
0.5333119
0.16795704
0.37300178
0.3754625
0.44788122
0.58640754
0.58746374
0.45452666
0.4096344
0.39136702
0.3442891
0.4282625
0.58640754
0.6809544
0.5442763
0.2736031
0.4291107
0.33491918
0.55600536
0.65048915
0.6419935
0.54611564
0.6475508
0.56501025
0.72474784
0.28786215
0.6883715
0.6936218
0.6936218
0.7546625
0.5784296
0.618327
0.44118324
0.2616299
0.5297476
0.41549104
0.45638925
0.43906084
0.51285017
0.42674255
0.4026343
0.40058157
0.4490588
0.4735285
0.48660555
0.67402864
0.38353002
0.32861367
0.50797695
0.42598093
0.38325882
0.4462207
0.41698182
0.42253253
0.4355534
0.43179336
0.29137215
0.35758677
0.38951796
0.43922058
0.5118159
0.6928212
0.44846812
0.4638867
0.39103135
0.44598836
0.4982139
0.5377594
0.5027006
0.51308715
0.5110555
0.51546186
0.4584434
0.32947612
0.54754364
0.51546186
0.51546186
0.71387887
0.51817673
0.46146408
0.39478114
0.52110046
0.56009454
0.5870997
0.62739724
0.6670707
0.5774607
0.6702988
0.6920063
0.35530403
0.6772667
0.6828791
0.6135739
0.7361654
0.57762873
0.6253471
0.5829996
0.37318957
0.51504976
0.41942978
0.47932968
0.5273171
0.5053753
0.47335687
0.39414456
0.42200306
0.3082791
0.4620681
0.5122903
0.7113962
0.50280845
0.25722235
0.43691245
0.6200764
0.6286914
0.6290598
0.6627729
0.65387124
0.649766
0.69106996
0.6683255
0.68660885
0.59521526
0.67905885
0.67905885
0.8300925
0.62308013
0.7123785
0.6166626
0.49855313
0.6867234
0.7099803
0.6451988
0.7092482
0.62706333
0.67555445
0.53060406
0.71122557
0.6411703
0.6874371
0.6874371
0.85205686
0.628538
0.66296196
0.5735543
0.30265334
0.534811
0.4292652
0.48906568
0.39796138
0.52268827
0.44069254
0.44889876
0.67522657
0.52607167
0.41476557
0.41476557
0.7130278
0.66297567
0.49081644
0.41832426
0.5407235
0.67802256
0.5794913
0.66175157
0.67802256
0.6290142
0.6041864
0.6985796
0.5199862
0.7448248
0.6002472
0.6002472
0.7974356
0.69989455
0.63744694
0.52545005
0.51024914
0.56675225
0.5737348
0.61564624
0.49182987
0.5665482
0.6179692
0.6571139
0.57939994
0.62673014
0.61030364
0.6092616
0.7692922
0.5415574
0.47440493
0.45450574
0.31754768
0.47477838
0.49428654
0.52126527
0.524897
0.4804116
0.50929904
0.30170983
0.4110573
0.37875137
0.39778674
0.5202413
0.8015277
0.46241054
0.40597698
0.49720532
0.33812636
0.39900938
0.4451446
0.3897308
0.33660462
0.5091456
0.5005993
0.47909254
0.6172606
0.51673156
0.4523134
0.5296378
0.71548206
0.38500622
0.22909817
0.49320856
0.26047087
0.5370067
0.43236604
0.4752661
0.4032919
0.41299582
0.48952806
0.31881043
0.36155662
0.42290598
0.42841372
0.51616114
0.6403141
0.39345652
0.5058465
0.54449666
0.3115137
0.59257936
0.56664973
0.5870654
0.4960568
0.53670496
0.6153486
0.4438172
0.4152572
0.4110712
0.41267052
0.63315123
0.72690374
0.5169203
0.3605767
0.4357441
0.54467386
0.643065
0.72881854
0.691123
0.6892101
0.6778857
0.692885
0.65769744
0.4951338
0.66723883
0.6865664
0.7546882
0.74134713
0.6493627
0.6472522
0.55972916
0.1942555
0.3871219
0.34761426
0.38326207
0.12620738
0.42760098
0.39525208
0.26815823
0.3722136
0.29327545
0.34097052
0.43868807
0.6233789
0.35406953
0.14356361
0.30577245
0.41249144
0.5647722
0.51997465
0.54509324
0.54640365
0.49473146
0.5261035
0.3540111
0.5172067
0.50121516
0.46309227
0.53012437
0.67330503
0.57726604
0.3647381
0.4735527
0.556934
0.69910824
0.56383383
0.7226916
0.6842949
0.67947674
0.5861087
0.6305976
0.3340434
0.72965103
0.56655407
0.6902406
0.8357837
0.697334
0.7224593
0.6434719
0.5614973
0.6112638
0.60448635
0.44921708
0.6025028
0.57964385
0.6215075
0.6516553
0.3287139
0.59460074
0.62042373
0.6383015
0.682001
0.6166506
0.550819
0.5437392
0.2534645
0.44135162
0.46120754
0.38395488
0.5762068
0.45974186
0.54286206
0.5237628
0.7702128
0.44742125
0.48796463
0.5017019
0.6377734
0.38581225
0.27799982
0.4168722
0.17296402
0.54886895
0.515301
0.5027367
0.49738485
0.55555433
0.55447805
0.3056441
0.3050633
0.39828464
0.39599568
0.60514545
0.66225773
0.34652928
0.4332258
0.45630327
0.5417839
0.7042129
0.75304776
0.72096586
0.72096586
0.6614192
0.744585
0.7417379
0.637168
0.73339665
0.7373743
0.7373743
0.7657929
0.648678
0.70035124
0.5542946
0.2842915
0.4296141
0.53476405
0.41893324
0.43880397
0.46671727
0.54258037
0.41871184
0.54856294
0.4557965
0.50431734
0.60935783
0.7540113
0.63310194
0.33266458
0.37937808
0.3764078
0.5709604
0.4977573
0.5016869
0.5657605
0.57283944
0.6912905
0.63249487
0.5357627
0.5678519
0.5967426
0.6874465
0.7969524
0.54205805
0.58928645
0.5152899
0.5896317
0.7164696
0.7481384
0.7713101
0.7212116
0.7076114
0.7524415
0.6353606
0.4805988
0.6262979
0.7481384
0.73312587
0.7213188
0.7864217
0.553367
0.6151448
0.4183983
0.60029656
0.6773618
0.7127196
0.6551698
0.6916594
0.64485556
0.80695677
0.49595234
0.77594465
0.7367876
0.7367876
0.7317824
0.6781808
0.57142794
0.560749
