0.73248297
0.64006984
0.6830464
0.6006323
0.5042778
0.7868204
0.78480333
0.61394703
0.5052109
0.7593741
0.66893923
0.7553297
0.8389742
0.7292496
0.43502116
0.06556426
0.6380405
0.80116135
0.5861525
0.78206855
0.35233834
0.71723306
0.71223855
0.64848727
0.788295
0.5272117
0.67262083
0.6805764
0.71865314
0.58784014
0.6850384
0.6263896
0.61877084
0.5557664
0.75313765
0.68574077
0.7050679
0.5306141
0.7468963
0.83958435
0.68202883
0.32528937
0.5949493
0.650562
0.811019
0.79598254
0.56104684
0.5778259
0.55039704
0.45137796
0.415936
0.659432
0.71044934
0.5878589
0.57873434
0.5989738
0.7020537
0.51087844
0.7245361
0.54518926
0.6206666
0.80202526
0.46233174
0.8244397
0.62771046
0.70907867
0.7524456
0.67020094
0.40263397
0.43001086
0.6649991
0.80341357
0.66492647
0.52706724
0.77862066
0.6884826
0.547139
0.78817415
0.42391595
0.5545024
0.76685524
0.31550068
0.6831148
0.34676918
0.74601007
0.5719138
0.47676128
0.46045986
0.89283866
0.45348045
0.59401846
0.24935552
0.6030818
0.7986364
0.38101178
0.4464213
0.6717378
0.6583024
0.6608104
0.839086
0.5771427
0.7195203
0.6888381
0.7342602
0.67516184
0.56883234
0.5669999
0.60063344
0.35007685
0.6582116
0.6900915
0.74378026
0.59500116
0.6417028
0.14482465
0.5174052
0.742512
0.26012483
0.7600315
0.7771806
0.60781574
0.6666309
0.6394458
0.5749286
0.66337174
0.75990003
0.8454623
0.40828928
0.40717244
0.7315908
0.6546714
0.8034288
0.71113205
0.53836584
0.7128589
0.62963104
0.5091875
0.6824771
0.5235135
0.5537498
0.7356168
0.8029218
0.5161765
0.7708495
0.80046344
0.83299077
0.7233187
0.65676063
0.27905008
0.87333083
0.7611548
0.65777117
0.5448155
0.29340917
0.4537976
0.6321444
0.5411471
0.56279683
0.72766745
0.75328207
0.38537905
0.6411697
0.71855897
0.586569
0.70920336
0.61567813
0.7843144
0.7284942
0.5989756
0.5112007
0.7516597
0.7752157
0.593851
0.66896105
0.78242767
0.78314227
0.5959503
0.5443355
0.72125465
0.806532
0.54840183
0.6499018
0.6899167
0.8509814
0.7873071
0.8570161
0.790917
0.60277855
0.734093
0.7529785
0.7524225
0.84667176
0.3201165
0.5639396
0.7049939
0.20661114
0.6446234
0.6197791
0.76681894
0.5829865
0.5778896
0.514504
0.74027073
0.63832384
0.5055363
0.7203217
0.55970997
0.6647843
0.5827407
0.73187214
0.71671355
0.6990408
0.45675385
0.79889005
0.64185685
0.63067293
0.19055915
0.7656869
0.63362306
0.7459574
0.50527203
0.30691803
0.807428
0.46616313
0.5575162
0.8192845
0.73107487
0.5344868
0.64540106
0.4713267
0.40628213
0.7397094
0.5800871
0.70971537
0.80356866
